height <- c(190,168,175,160,150,200,145,166,177)
weight <- c(80,70,74,68,64,86,62,69,75)
